
:: Instance :: 22
:: N. Experiment.:: 25
-----------------------------------
      GA---GA20o[100000]      0.0     12.0     0.56     0.57
     FWA---FWA20[100000]      0.0     13.0     0.52     0.57
        SA---SAR[100000]      1.0      1.0     2.72     0.66
-----------------------------------

      GA---GA20o[100000]
-----------------------------------
12 10 19 21 6 13 3 8 11 4 20 15 2 18 14 7 0 16 9 1 5 17  ::: 0.0
14 7 9 19 0 20 17 5 18 21 10 8 6 2 15 1 11 16 3 12 4 13  ::: 0.0
11 6 12 0 18 20 14 7 15 4 8 13 21 3 5 19 1 10 17 2 16 9  ::: 1.0
9 11 6 1 16 21 13 7 14 19 15 2 5 10 4 0 18 20 17 8 12 3  ::: 1.0
3 0 15 10 12 7 21 2 20 13 16 4 9 1 19 5 17 6 18 11 14 8  ::: 1.0
12 5 14 16 6 21 3 13 19 9 18 20 11 8 0 2 17 15 7 10 4 1  ::: 1.0
8 15 7 3 20 14 9 13 18 2 19 6 16 0 21 12 17 1 4 11 5 10  ::: 1.0
3 15 19 7 20 13 8 18 1 10 5 16 21 0 12 14 6 17 2 4 11 9  ::: 0.0
5 20 4 13 6 14 1 19 7 3 8 11 16 0 17 21 9 18 15 10 12 2  ::: 1.0
11 2 10 4 21 17 3 7 18 12 0 9 19 15 20 14 8 1 5 13 16 6  ::: 1.0
1 6 19 2 12 15 9 16 4 0 3 18 7 5 11 21 14 17 20 13 8 10  ::: 0.0
5 13 9 17 0 16 10 1 21 11 20 12 3 19 14 7 15 2 8 6 4 18  ::: 1.0
11 21 12 6 0 10 15 1 16 7 2 17 19 13 4 8 20 3 9 14 5 18  ::: 0.0
15 5 16 19 11 2 17 13 9 0 4 21 1 6 14 18 8 12 3 7 10 20  ::: 1.0
7 9 11 2 18 15 6 1 13 20 8 12 5 3 16 21 19 14 10 0 4 17  ::: 0.0
1 19 4 11 8 10 5 17 2 9 16 20 15 3 21 6 14 12 7 0 13 18  ::: 0.0
9 13 8 14 2 19 7 20 10 16 1 5 11 18 6 4 12 17 21 3 15 0  ::: 0.0
8 3 17 6 14 10 5 21 15 4 19 1 12 9 11 2 20 18 16 7 13 0  ::: 0.0
3 16 18 12 0 11 8 17 2 9 15 1 20 10 21 14 5 19 4 7 13 6  ::: 1.0
7 3 1 18 9 11 6 16 21 5 14 19 10 2 4 12 17 20 13 0 8 15  ::: 0.0
11 2 5 9 16 21 13 17 6 14 7 4 20 3 8 19 12 1 18 10 15 0  ::: 0.0
4 15 8 12 19 7 14 10 6 0 3 21 17 20 11 16 2 13 18 9 1 5  ::: 0.0
10 16 5 12 8 11 13 2 21 17 0 3 1 7 14 20 9 19 4 15 18 6  ::: 1.0
0 11 18 7 10 2 15 21 1 14 6 8 3 12 4 19 17 5 20 13 9 16  ::: 2.0
18 6 3 19 12 4 0 7 15 11 1 21 5 2 10 13 20 9 16 14 17 8  ::: 1.0

     FWA---FWA20[100000]
-----------------------------------
11 1 18 16 9 7 0 2 15 8 20 17 4 21 12 3 5 14 19 10 13 6  ::: 0.0
0 11 13 21 18 3 9 6 12 17 19 7 4 20 16 10 1 14 5 2 8 15  ::: 1.0
11 0 14 12 4 19 8 3 1 17 2 21 16 7 20 18 13 5 9 6 15 10  ::: 0.0
4 2 5 16 9 21 6 17 20 18 8 19 11 7 1 10 13 0 3 15 12 14  ::: 0.0
15 0 6 14 1 13 18 9 2 19 21 11 17 20 4 10 7 3 16 8 12 5  ::: 2.0
12 17 6 3 5 8 11 16 21 19 18 13 10 2 20 1 15 4 9 7 0 14  ::: 1.0
3 12 7 19 2 11 6 17 15 21 4 20 13 8 1 14 18 10 0 9 16 5  ::: 0.0
14 6 20 9 5 15 0 4 17 8 21 18 7 13 2 1 19 10 3 11 16 12  ::: 1.0
5 10 1 21 14 20 17 8 0 12 7 9 16 19 2 4 18 13 11 3 6 15  ::: 0.0
21 8 14 4 10 0 9 1 16 18 20 2 17 13 11 3 6 15 5 12 19 7  ::: 0.0
14 12 3 6 16 11 19 0 2 8 20 15 17 10 5 7 4 1 13 9 18 21  ::: 1.0
16 6 0 5 17 20 18 11 7 2 13 19 8 1 3 21 10 14 4 9 15 12  ::: 0.0
6 9 17 14 8 2 20 7 15 18 3 21 10 16 4 1 12 19 13 11 5 0  ::: 0.0
14 9 18 6 4 2 16 12 20 8 1 5 13 0 7 19 11 15 17 21 10 3  ::: 1.0
8 14 11 3 7 21 10 0 13 16 9 1 6 19 15 2 12 5 20 17 4 18  ::: 0.0
20 13 15 1 19 14 4 2 5 9 6 16 3 12 17 21 8 18 11 7 10 0  ::: 1.0
2 16 11 21 7 15 3 8 4 17 0 18 10 19 13 6 20 1 5 12 14 9  ::: 0.0
13 16 9 2 8 17 14 1 18 20 0 4 7 12 10 3 19 15 5 21 11 6  ::: 1.0
8 19 14 9 7 18 20 17 5 0 11 3 12 15 21 4 2 10 13 6 16 1  ::: 1.0
6 1 16 14 21 15 10 0 4 18 13 2 7 3 12 9 17 5 20 11 19 8  ::: 1.0
16 18 12 5 19 10 1 11 3 0 2 14 8 20 7 21 15 17 4 13 9 6  ::: 1.0
10 13 11 20 8 0 21 14 1 15 7 19 6 2 5 16 12 9 17 3 18 4  ::: 0.0
13 7 14 2 18 12 4 11 16 19 21 3 15 10 5 0 9 17 20 1 6 8  ::: 0.0
2 10 21 15 11 8 4 13 0 19 1 5 20 12 7 16 3 17 6 14 9 18  ::: 1.0
8 12 1 7 18 15 9 0 10 21 2 5 17 4 20 13 3 14 6 19 16 11  ::: 0.0

        SA---SAR[100000]
-----------------------------------
9 7 1 21 17 2 20 3 15 4 11 19 13 5 18 12 6 0 16 10 8 14  ::: 3.0
6 7 13 19 0 9 4 2 21 17 11 18 15 3 14 8 16 1 20 5 12 10  ::: 4.0
3 0 18 5 7 1 17 20 16 6 11 9 4 19 14 10 21 2 12 15 13 8  ::: 3.0
19 16 11 10 14 2 9 18 8 13 4 0 20 15 7 12 21 17 6 1 3 5  ::: 3.0
18 13 4 10 15 9 20 17 21 1 5 0 11 7 2 16 14 19 3 6 8 12  ::: 3.0
12 0 11 4 15 20 10 2 5 9 18 13 19 16 8 21 1 6 3 14 7 17  ::: 3.0
9 16 7 10 17 3 6 15 19 5 0 14 4 21 18 8 13 2 12 1 11 20  ::: 2.0
0 17 10 6 21 9 20 19 15 11 1 12 5 8 2 14 3 7 4 13 16 18  ::: 2.0
4 11 14 18 21 3 8 10 1 5 12 0 19 17 15 20 16 2 6 9 7 13  ::: 3.0
17 14 12 7 5 3 0 10 19 9 1 18 20 8 16 11 15 2 21 6 4 13  ::: 2.0
19 6 3 11 18 7 15 4 12 0 16 9 5 20 2 10 8 1 17 13 14 21  ::: 2.0
10 7 2 16 3 4 9 18 5 21 12 19 17 14 0 13 20 8 6 1 15 11  ::: 3.0
18 1 12 16 5 17 15 13 3 7 21 4 0 10 19 2 20 11 14 8 6 9  ::: 1.0
14 9 5 12 0 20 3 6 19 16 1 13 4 8 18 2 17 15 11 7 10 21  ::: 2.0
20 15 0 8 6 17 21 1 10 5 16 14 11 4 7 19 12 2 13 18 9 3  ::: 3.0
6 15 21 7 5 14 18 1 3 17 11 2 8 20 13 0 9 4 10 16 12 19  ::: 3.0
7 19 11 8 6 1 5 18 14 21 13 3 0 4 15 12 10 2 17 9 20 16  ::: 2.0
7 1 8 13 21 17 3 2 12 10 18 4 6 19 16 11 15 20 9 5 14 0  ::: 3.0
12 16 11 1 4 0 19 3 9 6 10 17 15 18 7 14 8 21 5 13 2 20  ::: 3.0
12 9 11 17 0 3 16 6 21 2 5 13 20 10 14 4 18 8 19 7 1 15  ::: 3.0
12 18 6 3 17 11 4 10 16 13 20 2 21 1 9 5 15 19 0 7 14 8  ::: 2.0
13 3 5 7 11 16 21 12 14 17 1 20 8 10 15 2 6 9 18 4 19 0  ::: 4.0
8 21 5 2 11 9 15 18 17 19 3 1 6 10 13 4 14 0 20 7 12 16  ::: 3.0
19 9 18 6 1 11 12 14 0 5 4 21 17 15 13 2 20 8 16 3 10 7  ::: 3.0
3 15 9 20 17 10 16 11 5 6 19 1 2 4 12 21 8 18 14 0 13 7  ::: 3.0

:: Instance :: 24
:: N. Experiment.:: 25
-----------------------------------
      GA---GA20o[100000]      0.0      2.0     1.15     0.54
     FWA---FWA20[100000]      0.0     17.0      0.4     0.63
        SA---SAR[100000]      2.0      2.0     3.64     0.68
-----------------------------------

      GA---GA20o[100000]
-----------------------------------
1 8 22 9 3 21 11 20 23 7 12 4 6 10 0 18 5 15 2 19 16 13 17 14  ::: 1.0
12 20 7 10 15 21 5 17 2 11 23 6 13 1 22 19 16 8 0 3 18 14 9 4  ::: 1.0
12 23 6 2 19 1 4 0 17 10 7 16 18 21 14 5 8 20 13 3 22 15 11 9  ::: 1.0
21 23 13 17 11 8 6 22 2 14 7 0 10 19 16 3 15 9 1 20 5 12 18 4  ::: 1.0
6 4 23 18 14 7 10 1 17 21 3 12 19 2 22 13 16 9 20 5 15 8 0 11  ::: 2.0
21 15 6 9 17 1 14 12 7 18 8 22 5 13 0 16 23 11 19 3 10 4 2 20  ::: 2.0
6 14 11 7 20 15 3 12 19 23 18 5 8 4 0 10 17 1 16 21 2 9 22 13  ::: 1.0
4 12 22 9 11 8 3 23 20 1 10 21 13 18 5 7 0 19 16 14 6 2 15 17  ::: 2.0
18 8 4 14 1 10 19 16 2 23 6 15 0 21 5 7 11 3 17 22 9 12 20 13  ::: 1.0
14 23 8 13 2 12 9 0 19 22 11 7 17 15 6 4 10 16 20 3 5 21 1 18  ::: 1.0
18 21 9 6 16 11 0 17 19 12 3 8 2 4 1 13 20 5 23 14 22 10 7 15  ::: 2.0
6 12 1 23 18 22 8 9 11 16 19 7 0 10 3 20 17 4 2 5 14 21 15 13  ::: 1.0
14 6 22 5 13 18 4 11 7 16 21 0 20 8 2 15 3 10 19 9 23 12 1 17  ::: 1.0
23 12 1 6 13 2 21 8 3 22 15 18 10 17 5 9 19 4 0 7 20 11 14 16  ::: 1.0
8 2 20 18 1 10 13 17 19 11 5 7 0 3 23 15 9 21 16 4 6 12 14 22  ::: 1.0
22 9 15 12 2 4 17 11 18 21 3 5 16 1 19 10 8 20 14 0 7 23 13 6  ::: 1.0
10 8 17 19 3 13 7 21 6 15 23 1 4 14 16 0 9 20 5 2 11 18 22 12  ::: 1.0
10 20 2 5 1 16 13 8 14 23 19 3 15 17 21 9 4 22 0 6 11 7 12 18  ::: 2.0
10 12 9 16 3 21 0 2 8 15 18 14 5 22 4 7 13 6 19 23 1 17 20 11  ::: 1.0
8 13 4 17 15 23 3 11 7 2 0 14 1 22 20 16 21 9 12 5 18 6 10 19  ::: 0.0
13 17 1 8 19 2 20 14 16 11 5 22 15 6 23 21 12 0 4 10 18 9 3 7  ::: 1.0
11 20 7 19 13 8 4 0 16 23 6 17 21 10 1 14 18 3 9 2 5 15 22 12  ::: 2.0
5 17 20 13 11 3 18 12 4 8 21 14 9 0 22 19 16 10 2 7 15 23 1 6  ::: 1.0
19 15 22 9 13 21 4 8 10 2 20 18 16 12 0 7 5 14 23 1 3 6 17 11  ::: 0.0
9 21 4 17 8 23 12 7 11 20 22 19 3 14 2 10 6 0 16 18 13 5 1 15  ::: 1.0

     FWA---FWA20[100000]
-----------------------------------
7 1 19 6 0 11 16 18 20 10 8 15 3 5 9 2 4 13 23 21 17 14 12 22  ::: 2.0
10 23 6 12 21 16 20 22 4 11 9 0 2 14 8 3 1 15 5 19 17 7 13 18  ::: 0.0
15 7 23 11 20 12 10 6 1 21 13 22 0 5 14 4 18 3 9 16 2 8 17 19  ::: 0.0
7 4 18 8 12 22 3 6 16 9 11 21 23 17 0 2 10 5 20 15 13 19 1 14  ::: 1.0
6 1 13 11 19 22 5 0 17 4 14 21 9 16 8 2 23 3 20 7 10 15 18 12  ::: 1.0
7 11 8 17 22 10 5 15 9 21 3 14 23 1 18 4 13 19 16 2 20 12 6 0  ::: 0.0
17 22 12 5 7 23 3 11 8 18 9 1 19 21 10 20 14 4 2 13 6 16 0 15  ::: 0.0
18 9 23 17 13 16 22 6 3 5 20 12 14 2 8 1 19 10 15 0 4 21 7 11  ::: 0.0
3 20 13 19 9 7 18 11 1 8 17 5 2 22 6 23 16 12 15 0 21 10 4 14  ::: 0.0
9 5 8 22 12 19 23 14 18 10 3 0 2 7 13 20 1 17 4 21 11 16 6 15  ::: 0.0
4 11 14 20 13 5 8 6 22 16 23 0 17 7 12 21 3 1 9 2 15 18 10 19  ::: 0.0
11 8 12 16 13 1 6 23 0 19 5 2 15 7 18 14 9 22 20 3 17 10 4 21  ::: 1.0
7 11 4 15 19 21 23 6 17 12 5 22 8 3 0 16 20 10 1 13 18 9 2 14  ::: 0.0
6 23 10 13 5 21 9 7 0 20 15 8 16 22 4 2 11 3 12 17 19 1 18 14  ::: 0.0
12 10 5 14 4 23 3 20 21 17 15 2 8 11 7 0 6 16 19 13 22 9 1 18  ::: 1.0
18 23 15 8 0 21 17 9 16 3 12 4 22 14 11 5 20 2 13 19 1 7 10 6  ::: 2.0
6 15 10 23 11 2 4 12 20 5 14 0 22 16 7 17 1 18 9 3 19 21 8 13  ::: 0.0
10 14 4 2 20 17 23 1 5 9 18 22 15 6 12 19 21 3 7 11 16 0 13 8  ::: 0.0
18 12 21 1 13 20 22 9 3 0 5 15 8 16 7 23 17 2 6 11 14 10 19 4  ::: 1.0
13 6 14 22 2 9 12 15 1 3 5 10 23 20 17 4 16 19 8 11 21 7 18 0  ::: 0.0
7 11 18 21 12 6 4 1 14 0 19 23 2 17 13 20 5 9 15 22 3 16 10 8  ::: 0.0
23 15 7 16 11 6 14 3 0 18 22 17 1 4 12 9 20 5 13 2 19 21 8 10  ::: 0.0
18 10 22 19 6 12 17 7 21 3 5 15 13 8 2 23 14 20 1 16 0 11 9 4  ::: 1.0
11 22 14 3 23 9 19 17 5 12 0 7 20 6 21 2 18 16 13 10 8 1 4 15  ::: 0.0
21 6 13 16 7 17 3 9 22 4 10 18 2 19 12 23 20 0 5 15 8 14 11 1  ::: 0.0

        SA---SAR[100000]
-----------------------------------
9 3 22 19 8 13 11 6 21 7 23 12 15 2 0 5 18 1 14 16 20 4 17 10  ::: 4.0
17 20 7 4 12 15 5 11 8 21 3 14 19 1 22 0 10 23 18 16 2 13 6 9  ::: 4.0
12 21 6 4 19 14 8 11 18 0 15 13 9 20 2 5 1 23 16 22 7 10 17 3  ::: 3.0
6 17 5 23 9 11 4 15 21 0 1 3 12 22 13 19 10 14 20 2 16 7 8 18  ::: 4.0
20 14 16 1 5 6 10 22 15 17 0 2 9 18 13 23 19 4 7 21 12 3 8 11  ::: 3.0
8 20 5 16 10 19 4 17 12 6 15 22 21 0 13 2 18 23 14 11 9 7 1 3  ::: 4.0
15 2 8 3 13 0 22 1 16 11 20 10 19 5 18 12 9 23 21 7 4 17 14 6  ::: 3.0
10 22 4 9 11 23 21 15 17 20 3 0 7 1 13 2 6 14 12 16 18 5 8 19  ::: 4.0
18 10 13 2 14 9 23 19 22 0 8 6 1 15 17 20 4 7 5 3 12 21 11 16  ::: 4.0
21 19 13 5 3 22 7 11 2 0 6 14 10 1 15 23 8 16 12 17 20 18 4 9  ::: 4.0
17 13 20 18 9 0 16 5 8 21 19 15 2 12 6 3 22 14 1 4 23 7 11 10  ::: 4.0
12 3 13 21 17 0 14 10 18 16 8 5 1 22 20 19 4 6 23 9 11 2 7 15  ::: 4.0
14 4 11 0 17 20 2 9 18 21 1 6 10 5 19 16 7 12 22 13 8 3 15 23  ::: 2.0
2 15 19 10 1 20 22 12 0 3 23 4 9 13 18 5 14 6 17 21 7 16 8 11  ::: 4.0
15 9 23 6 18 10 13 19 21 5 11 17 22 0 16 2 7 14 8 4 12 20 3 1  ::: 5.0
0 16 6 8 10 18 23 15 4 14 19 13 22 17 21 3 5 9 1 12 7 11 20 2  ::: 4.0
23 8 21 19 0 1 20 7 10 4 14 5 18 16 22 12 6 3 17 2 13 11 9 15  ::: 4.0
13 19 1 22 12 3 23 18 15 6 2 7 21 17 4 9 11 14 20 0 8 5 10 16  ::: 4.0
3 10 16 4 21 5 13 9 12 0 22 18 2 11 19 7 15 23 1 8 6 14 17 20  ::: 2.0
17 9 23 6 14 7 22 18 8 13 4 0 3 10 2 16 21 12 11 5 19 1 20 15  ::: 4.0
10 23 19 15 5 7 9 20 14 2 17 22 12 3 11 4 1 18 21 13 0 16 8 6  ::: 4.0
21 1 16 7 17 9 11 8 3 18 13 2 14 20 22 15 12 23 4 0 5 10 19 6  ::: 3.0
16 17 1 5 3 18 9 7 2 13 15 22 20 6 23 12 11 4 8 0 21 10 14 19  ::: 4.0
8 15 19 2 14 20 3 23 12 10 11 4 17 9 0 21 16 6 22 7 18 13 5 1  ::: 3.0
23 10 19 4 6 1 21 17 11 22 9 15 8 2 20 3 14 0 18 16 13 12 7 5  ::: 3.0
null
Algorithms : 3 --- Instances : 2
-----------------------------------

Ranks Matrix   
-----------------------------------
2.0 1.0 3.0 
2.0 1.0 3.0 

Friedman Test
-----------------------------------
Friedman value = 4.0
prob Chi-square function = 0.135335
Calculate with degree = 2 and obtain critical value with one sided 

Iman Davenport Test
-----------------------------------
Iman-Davenport  = 9.223372036854775E12
prob F-Function  = 0.0
Calculate with degree = 2 X 2 and obtain critical value with one 
	sided 

Holm Test
-----------------------------------
Control Algorithm FWA---FWA20
[tenor p value] if tenor > value then there is different (see @ 
	symbol)
-----------------------------------
1 GA---GA20o ::: 1.0 - 0.05 p 0.158655
2 SA---SAR ::: 2.0 - 0.025 p 0.02275 @

Top Algorithms 3
-----------------------------------
Ranks Matrix   
-----------------------------------
1.0 2.0 3.0 
1.0 2.0 3.0 

Friedman Test
-----------------------------------
Friedman value = 4.0
prob Chi-square function = 0.135335
Calculate with degree = 2 and obtain critical value with one sided 

Iman Davenport Test
-----------------------------------
Iman-Davenport  = 9.223372036854775E12
prob F-Function  = 0.0
Calculate with degree = 2 X 2 and obtain critical value with one 
	sided 

Holm Test
-----------------------------------
Control Algorithm FWA---FWA20
[tenor p value] if tenor > value then there is different (see @ 
	symbol)
-----------------------------------
1 GA---GA20o ::: 1.0 - 0.05 p 0.158655
2 SA---SAR ::: 2.0 - 0.025 p 0.02275 @
