
:: Instance :: 22
:: N. Experiment.:: 25
-----------------------------------
      GA---GA20o[100000]      0.0      9.0     0.84     0.78
     FWA---FWA20[100000]      0.0     14.0     0.48     0.57
-----------------------------------

      GA---GA20o[100000]
-----------------------------------
17 13 11 0 14 20 1 3 16 10 12 18 4 7 19 21 15 6 9 2 8 5  ::: 0.0
6 8 16 4 13 20 14 7 19 1 9 2 0 15 10 18 11 21 12 17 3 5  ::: 1.0
10 1 5 16 19 12 18 15 0 2 11 3 6 17 13 21 4 8 20 14 9 7  ::: 1.0
21 12 0 16 6 4 9 19 8 14 18 3 13 7 20 2 11 1 15 5 10 17  ::: 0.0
18 6 14 10 20 16 19 1 12 2 9 11 0 5 3 21 13 15 8 4 7 17  ::: 1.0
5 19 17 7 18 6 15 9 21 8 3 1 12 2 20 13 10 14 0 11 16 4  ::: 0.0
10 2 13 16 12 0 15 4 6 3 14 11 18 5 21 8 1 20 9 7 19 17  ::: 0.0
16 12 17 8 10 2 14 1 15 9 5 3 21 4 18 13 6 19 11 20 7 0  ::: 1.0
9 14 2 15 1 20 4 0 12 10 6 8 17 19 13 7 18 11 21 5 3 16  ::: 2.0
13 8 5 11 19 10 6 17 14 0 21 15 9 1 4 2 12 3 7 20 18 16  ::: 2.0
17 7 5 10 19 13 6 3 1 21 15 20 9 11 2 14 18 4 8 0 12 16  ::: 1.0
14 2 11 19 12 20 3 13 15 8 5 1 6 16 10 4 18 21 9 7 17 0  ::: 1.0
2 9 12 19 8 16 18 20 3 10 7 5 17 13 6 0 14 1 21 15 11 4  ::: 0.0
19 12 10 6 14 21 4 0 8 18 15 17 11 5 3 16 20 7 2 13 1 9  ::: 1.0
11 18 5 2 10 15 21 14 9 0 19 4 20 13 16 7 12 1 8 6 17 3  ::: 1.0
4 1 14 11 17 8 21 5 18 15 0 10 7 20 3 16 13 19 2 6 12 9  ::: 1.0
14 17 7 13 9 1 15 10 20 6 3 11 0 19 5 16 18 21 2 8 12 4  ::: 3.0
18 11 6 4 10 14 21 15 1 12 0 13 19 8 3 20 7 16 2 17 5 9  ::: 1.0
8 11 7 4 20 5 10 19 21 2 13 18 1 12 0 6 3 14 16 9 15 17  ::: 1.0
17 12 5 18 6 10 13 4 20 15 19 1 8 21 0 3 16 9 7 14 11 2  ::: 0.0
8 18 15 9 5 10 0 16 6 19 1 11 14 3 21 12 4 20 7 2 13 17  ::: 0.0
21 15 11 5 14 1 6 4 16 10 17 3 18 12 8 20 7 0 2 9 13 19  ::: 0.0
10 8 14 11 0 3 19 21 9 15 13 2 4 18 1 5 16 12 20 7 17 6  ::: 1.0
2 6 10 19 13 18 5 17 11 4 16 3 8 14 21 0 20 1 15 12 9 7  ::: 0.0
3 20 11 7 4 21 13 0 14 5 2 12 6 1 19 10 15 18 16 9 17 8  ::: 2.0

     FWA---FWA20[100000]
-----------------------------------
7 19 15 13 0 3 17 2 16 1 11 4 6 12 14 18 20 5 9 21 10 8  ::: 0.0
14 6 18 7 17 0 2 19 10 15 21 8 3 16 13 1 9 5 12 4 20 11  ::: 0.0
9 17 8 20 3 19 14 1 13 7 10 18 0 2 5 16 12 21 4 11 15 6  ::: 1.0
3 1 11 16 10 6 21 2 18 20 14 19 8 15 4 7 9 0 5 13 17 12  ::: 0.0
2 13 20 12 7 1 4 21 15 17 9 5 0 14 18 6 8 3 11 19 10 16  ::: 0.0
2 18 11 3 12 4 19 10 20 5 17 15 13 8 6 21 14 7 0 16 9 1  ::: 1.0
21 10 5 14 16 8 12 9 1 19 2 18 20 17 11 0 3 6 13 7 4 15  ::: 1.0
14 0 6 3 16 11 7 18 10 19 5 20 9 21 8 4 1 13 15 17 12 2  ::: 1.0
7 2 16 20 6 11 15 17 5 13 4 1 8 21 3 14 19 10 18 0 12 9  ::: 0.0
6 21 10 15 13 9 7 4 1 19 0 5 17 12 16 11 8 20 3 14 18 2  ::: 0.0
0 15 3 6 20 9 16 13 4 18 17 10 1 5 19 2 7 14 12 21 8 11  ::: 1.0
17 13 20 8 6 1 15 5 11 4 14 21 18 7 2 12 9 16 0 19 3 10  ::: 0.0
9 14 1 21 7 20 17 3 5 10 16 11 4 18 0 19 6 12 2 8 13 15  ::: 1.0
5 19 6 10 15 4 9 7 17 1 18 0 14 8 20 12 2 21 11 13 16 3  ::: 1.0
3 9 11 15 17 20 10 1 7 0 12 21 2 18 6 4 13 19 16 5 8 14  ::: 1.0
12 10 6 19 3 11 13 20 18 1 4 2 9 15 17 5 16 0 7 14 21 8  ::: 0.0
11 13 8 16 5 15 0 21 10 18 2 6 12 3 1 19 14 20 4 7 9 17  ::: 0.0
12 14 4 1 9 21 16 7 15 0 19 6 8 11 20 3 5 2 17 13 10 18  ::: 1.0
16 6 13 3 21 17 12 10 0 2 20 8 1 14 18 9 4 19 5 15 11 7  ::: 0.0
7 11 13 15 9 1 14 21 2 0 12 6 4 19 5 18 20 17 3 16 10 8  ::: 1.0
2 13 5 16 19 12 7 4 1 3 14 17 21 8 6 11 0 15 9 18 20 10  ::: 0.0
14 1 3 8 17 7 2 10 15 13 18 5 21 19 6 4 9 12 0 16 11 20  ::: 0.0
10 12 14 11 13 0 21 1 4 6 16 9 17 20 18 3 15 8 5 19 2 7  ::: 0.0
21 7 10 13 16 4 19 17 9 6 12 2 20 18 0 3 14 11 1 8 15 5  ::: 2.0
13 7 0 6 11 1 21 15 17 20 14 3 9 4 19 5 16 2 12 18 8 10  ::: 0.0

:: Instance :: 24
:: N. Experiment.:: 25
-----------------------------------
      GA---GA20o[100000]      0.0      3.0     1.12     0.65
     FWA---FWA20[100000]      0.0     10.0     0.64     0.55
-----------------------------------

      GA---GA20o[100000]
-----------------------------------
9 3 4 7 23 11 16 10 20 5 15 22 1 21 12 6 8 2 13 18 0 14 19 17  ::: 1.0
11 18 7 1 14 19 6 0 20 17 12 5 15 4 9 22 3 16 2 23 21 13 10 8  ::: 1.0
1 15 13 2 9 21 16 19 0 11 7 20 6 17 5 22 12 23 3 8 4 14 10 18  ::: 1.0
16 5 20 23 13 18 8 3 11 6 1 17 12 7 19 22 9 15 0 2 21 10 14 4  ::: 0.0
15 19 14 1 9 2 0 7 17 23 20 18 5 8 10 16 11 21 4 22 3 13 6 12  ::: 1.0
3 8 10 15 13 16 21 7 2 14 5 0 18 20 11 1 4 19 22 9 12 17 23 6  ::: 1.0
20 11 9 3 12 23 2 19 7 0 14 22 15 6 4 21 13 18 16 1 5 10 8 17  ::: 1.0
16 1 17 12 6 2 20 18 9 4 23 19 11 7 10 0 22 15 21 3 8 13 5 14  ::: 1.0
22 3 7 18 20 13 9 21 6 4 17 1 5 19 23 12 10 16 2 15 11 8 14 0  ::: 1.0
10 5 19 6 18 21 2 13 16 14 3 1 7 22 15 12 23 17 0 11 8 4 20 9  ::: 0.0
6 11 7 20 0 14 22 10 21 9 12 3 23 2 18 5 17 4 13 16 19 15 8 1  ::: 1.0
23 4 14 5 18 15 6 8 2 20 16 3 1 17 10 13 9 22 0 21 7 12 19 11  ::: 1.0
13 15 23 1 7 9 2 16 19 11 18 4 17 8 5 3 22 0 12 20 6 21 14 10  ::: 0.0
21 7 14 16 18 22 9 6 4 2 15 20 11 13 3 19 8 1 12 17 0 23 10 5  ::: 1.0
3 7 10 13 2 18 20 12 9 5 19 11 1 21 16 22 15 4 0 23 8 6 14 17  ::: 1.0
1 4 11 13 21 10 17 3 14 9 18 0 5 20 16 6 8 2 23 7 15 19 12 22  ::: 1.0
20 11 3 10 13 21 2 22 8 17 14 0 7 18 1 6 19 5 16 9 12 23 15 4  ::: 1.0
20 7 13 22 9 2 16 5 19 12 23 6 11 17 14 1 3 18 0 10 4 15 21 8  ::: 2.0
20 10 7 9 12 5 1 6 11 19 14 23 13 16 21 8 2 0 15 3 18 22 4 17  ::: 2.0
6 16 5 13 15 17 9 21 4 22 10 18 2 11 7 20 0 8 12 14 19 23 1 3  ::: 2.0
17 19 12 0 9 1 5 14 10 15 22 4 16 11 2 23 6 8 21 18 20 13 7 3  ::: 2.0
10 8 20 16 2 13 6 9 23 14 5 17 21 1 11 12 19 4 22 18 0 3 7 15  ::: 1.0
0 7 15 10 5 1 8 22 3 19 11 16 23 17 12 9 6 2 21 18 13 4 14 20  ::: 1.0
19 7 14 20 17 12 16 5 10 18 21 0 3 1 6 23 13 11 8 15 2 4 22 9  ::: 1.0
21 16 6 0 10 17 9 12 8 3 19 2 14 20 15 23 11 1 5 4 22 7 18 13  ::: 3.0

     FWA---FWA20[100000]
-----------------------------------
19 15 6 11 2 18 16 8 1 4 7 22 12 5 17 21 23 13 3 9 0 20 10 14  ::: 0.0
4 12 10 5 17 21 1 13 22 0 7 23 19 9 14 18 8 15 11 20 3 6 16 2  ::: 0.0
14 16 8 6 12 3 1 20 15 13 2 7 9 23 5 0 18 22 17 19 21 11 4 10  ::: 0.0
19 5 8 14 21 3 9 15 1 23 11 22 4 0 13 20 2 17 12 7 16 10 6 18  ::: 1.0
20 11 3 5 9 17 13 21 7 18 4 15 6 19 22 10 1 14 16 2 23 12 8 0  ::: 1.0
7 22 11 8 10 13 2 18 23 21 12 5 15 6 1 19 16 0 3 17 9 20 4 14  ::: 0.0
8 0 13 19 1 23 4 14 9 2 10 7 22 3 15 17 20 6 21 11 5 12 16 18  ::: 1.0
0 18 9 6 1 7 12 23 13 19 14 4 10 22 2 16 11 8 20 15 3 5 21 17  ::: 1.0
7 16 0 2 12 4 17 11 20 23 19 13 9 18 6 10 22 5 1 8 14 21 15 3  ::: 1.0
1 12 9 19 2 18 11 22 7 0 16 13 15 6 23 3 20 4 10 14 5 21 8 17  ::: 0.0
5 17 14 22 11 6 8 10 2 20 3 15 18 1 23 4 12 7 9 16 19 13 0 21  ::: 1.0
8 3 16 21 13 10 19 4 1 7 17 22 11 0 5 15 6 20 2 23 14 9 18 12  ::: 1.0
10 8 13 18 9 7 23 0 21 17 1 12 4 11 3 15 2 5 14 22 19 16 6 20  ::: 1.0
18 2 21 9 11 17 3 15 12 10 19 13 1 23 14 6 0 22 16 7 5 20 8 4  ::: 2.0
12 8 18 5 9 19 16 22 3 10 23 17 2 13 1 6 0 21 7 11 14 20 15 4  ::: 0.0
9 23 14 10 21 16 1 5 0 6 18 11 2 17 20 8 15 3 19 13 22 12 7 4  ::: 0.0
2 16 3 15 11 19 10 0 5 20 4 21 8 18 13 7 22 6 1 17 23 9 12 14  ::: 0.0
14 9 13 0 19 22 1 16 10 7 11 15 18 23 3 5 21 17 4 12 8 20 2 6  ::: 1.0
15 10 23 9 12 1 22 17 6 14 3 8 7 20 16 2 19 21 4 18 11 0 5 13  ::: 1.0
10 13 6 23 19 4 11 16 8 22 1 9 0 14 20 7 3 12 21 2 17 15 18 5  ::: 1.0
18 21 10 7 23 8 3 17 0 14 5 20 2 13 15 4 9 16 12 1 22 19 6 11  ::: 0.0
9 14 10 2 11 19 16 22 8 4 21 7 13 1 6 20 3 0 12 17 23 18 15 5  ::: 1.0
5 18 22 11 0 12 20 9 21 1 13 17 23 2 4 6 16 10 19 14 7 15 3 8  ::: 1.0
13 1 6 17 5 20 8 16 3 21 18 22 19 23 7 12 10 0 4 15 9 11 2 14  ::: 0.0
3 5 11 23 10 20 16 15 4 21 8 22 19 6 2 14 18 0 9 13 17 7 1 12  ::: 1.0
