
:: Instance :: 22
:: N. Experiment.:: 25
-----------------------------------
      GA---GA20o[100000]      0.0      8.0     0.72     0.53
     FWA---FWA20[100000]      0.0     12.0      0.6     0.63
-----------------------------------

      GA---GA20o[100000]
-----------------------------------
12 14 6 1 13 0 5 17 19 11 18 7 2 16 21 4 10 8 15 3 20 9  ::: 0.0
18 5 15 9 16 8 3 1 19 17 6 12 10 2 0 14 21 7 20 11 13 4  ::: 0.0
18 15 9 3 21 4 7 0 19 5 14 20 10 8 16 11 1 6 2 13 17 12  ::: 1.0
18 14 13 20 4 7 15 21 1 10 6 3 17 0 12 9 19 16 2 8 5 11  ::: 1.0
5 9 2 13 11 1 19 16 12 21 4 17 0 6 15 10 18 14 8 3 7 20  ::: 1.0
0 14 18 7 3 11 8 15 20 10 17 6 1 16 19 9 2 13 5 12 21 4  ::: 1.0
4 15 11 21 14 12 9 2 13 1 16 19 0 10 8 5 3 18 7 17 20 6  ::: 0.0
11 14 17 5 8 2 0 16 6 4 20 7 15 13 19 21 9 18 3 1 12 10  ::: 0.0
6 15 20 10 7 2 11 17 4 18 9 3 16 21 12 1 5 8 19 13 0 14  ::: 1.0
17 12 10 16 3 15 2 19 8 6 0 14 4 18 21 9 11 1 5 20 13 7  ::: 1.0
9 6 20 12 7 3 19 11 5 15 18 21 2 4 16 1 10 17 13 8 0 14  ::: 1.0
16 14 21 6 9 1 18 7 2 19 17 15 5 12 20 3 13 8 4 11 0 10  ::: 1.0
15 17 0 10 13 9 16 2 4 21 1 5 12 11 6 20 18 14 19 8 3 7  ::: 2.0
6 12 0 17 19 5 3 15 9 11 20 1 4 18 10 14 2 21 7 13 8 16  ::: 1.0
16 11 5 20 4 13 8 2 7 15 0 18 21 9 12 17 1 3 19 6 14 10  ::: 1.0
19 5 9 14 1 8 15 13 18 0 4 7 11 21 2 16 6 12 20 17 10 3  ::: 1.0
7 14 21 3 18 9 2 17 13 8 0 19 1 6 15 10 4 11 20 16 12 5  ::: 0.0
6 14 20 8 5 12 4 18 0 3 9 19 21 15 10 1 13 17 2 7 11 16  ::: 0.0
9 11 17 7 18 8 1 13 10 21 6 4 2 12 15 20 16 14 0 5 3 19  ::: 1.0
15 0 11 4 10 3 17 12 20 9 1 19 14 7 21 18 8 5 13 2 16 6  ::: 0.0
0 7 11 17 6 12 1 5 18 21 14 4 9 16 13 20 3 8 19 15 2 10  ::: 0.0
4 11 14 8 19 0 9 15 1 5 17 13 6 18 12 21 3 16 2 10 20 7  ::: 1.0
4 11 3 17 7 1 16 19 10 20 15 8 5 21 2 9 14 6 13 18 12 0  ::: 1.0
2 9 18 14 7 3 10 17 1 6 20 16 11 5 0 4 12 8 19 13 15 21  ::: 1.0
12 18 4 21 8 13 16 14 9 0 6 3 11 19 1 15 10 20 2 17 5 7  ::: 1.0

     FWA---FWA20[100000]
-----------------------------------
19 21 3 8 6 13 15 7 0 4 17 14 18 10 2 5 1 11 16 12 9 20  ::: 0.0
16 18 9 3 1 8 4 10 14 5 21 19 0 2 13 20 17 7 11 6 12 15  ::: 1.0
15 7 2 16 14 17 10 21 1 3 11 20 13 0 9 18 4 19 8 5 12 6  ::: 1.0
17 1 6 8 11 14 20 3 5 19 4 13 10 16 9 21 15 18 7 2 0 12  ::: 0.0
15 7 3 21 14 17 8 18 5 1 19 0 11 6 12 20 4 13 9 2 10 16  ::: 1.0
15 12 18 16 8 11 5 0 2 17 20 3 21 4 9 13 6 1 14 19 7 10  ::: 0.0
6 16 10 7 0 15 18 20 5 9 11 14 17 1 21 13 3 19 8 4 2 12  ::: 0.0
14 9 3 20 4 17 15 10 19 0 5 1 6 18 11 21 12 2 16 7 13 8  ::: 0.0
7 16 10 13 9 3 5 21 11 1 12 20 18 17 15 8 2 4 14 19 0 6  ::: 1.0
2 20 16 7 12 8 13 18 1 15 4 0 21 10 5 14 11 17 19 3 6 9  ::: 1.0
17 4 10 13 11 14 1 19 21 2 15 9 6 0 16 12 8 5 18 20 3 7  ::: 0.0
12 19 15 2 0 9 20 8 5 7 18 14 6 16 21 17 11 4 1 3 13 10  ::: 1.0
15 6 19 14 12 5 18 1 3 11 16 8 21 0 17 13 20 10 7 4 2 9  ::: 0.0
8 15 4 0 20 6 11 19 2 9 21 14 10 17 1 5 7 12 3 18 16 13  ::: 0.0
1 16 5 12 10 15 4 6 21 17 2 8 14 20 18 3 9 11 13 19 7 0  ::: 1.0
2 7 14 3 8 15 9 21 16 1 19 0 6 10 12 20 17 4 13 18 5 11  ::: 0.0
15 17 4 7 0 19 13 16 20 9 2 6 10 1 11 5 21 18 3 12 14 8  ::: 1.0
14 3 10 13 4 20 5 12 9 6 17 2 21 16 18 7 8 11 0 15 1 19  ::: 1.0
14 4 15 0 17 13 5 16 12 20 3 11 19 9 2 21 8 18 1 6 10 7  ::: 2.0
9 14 3 17 7 10 21 15 6 4 13 5 16 19 11 2 18 1 8 12 20 0  ::: 2.0
14 10 18 7 21 12 16 6 13 0 2 4 15 3 9 11 17 19 1 5 20 8  ::: 0.0
9 18 3 4 8 17 14 1 6 16 0 21 15 13 10 2 5 12 20 11 19 7  ::: 1.0
4 13 8 18 5 19 17 6 0 16 7 1 21 15 2 11 14 12 9 3 20 10  ::: 0.0
15 11 16 1 12 17 3 14 0 2 9 6 21 13 18 5 19 8 20 4 7 10  ::: 0.0
17 15 13 16 4 6 12 2 20 1 19 10 11 0 8 5 21 14 9 7 18 3  ::: 1.0

:: Instance :: 24
:: N. Experiment.:: 25
-----------------------------------
      GA---GA20o[100000]      0.0      6.0     0.88     0.58
     FWA---FWA20[100000]      0.0     13.0     0.52     0.57
-----------------------------------

      GA---GA20o[100000]
-----------------------------------
7 23 18 12 9 17 4 2 11 22 8 21 0 3 13 15 1 19 5 10 6 14 16 20  ::: 1.0
20 10 13 6 4 1 22 9 14 3 8 16 19 21 18 2 5 7 11 0 17 12 23 15  ::: 0.0
23 8 10 4 7 19 22 12 18 11 6 20 1 17 13 21 9 5 0 2 14 16 3 15  ::: 1.0
4 12 20 15 1 5 11 8 3 17 19 13 22 6 0 18 14 23 9 7 16 10 21 2  ::: 1.0
8 3 12 17 9 4 1 10 15 22 19 5 23 14 18 13 6 7 0 2 16 21 11 20  ::: 1.0
14 21 13 9 17 15 4 2 23 5 7 16 6 12 22 19 3 18 8 11 20 1 10 0  ::: 2.0
13 6 17 23 5 16 2 7 12 3 18 20 15 11 21 14 0 8 4 19 22 9 1 10  ::: 1.0
10 3 13 15 4 11 21 12 16 5 23 20 9 17 8 14 19 0 2 6 18 7 1 22  ::: 1.0
17 8 20 11 2 10 22 1 18 4 9 12 15 19 23 3 0 14 7 5 16 21 13 6  ::: 0.0
9 18 15 21 8 3 14 22 5 19 12 7 4 2 0 16 10 20 17 6 13 11 1 23  ::: 0.0
9 19 17 0 8 16 7 21 15 2 22 5 14 4 13 18 6 12 23 11 20 10 3 1  ::: 0.0
10 8 19 2 4 18 9 11 6 23 16 20 0 14 3 5 21 12 15 17 22 1 13 7  ::: 1.0
3 9 4 18 22 0 10 16 6 20 2 8 13 7 21 15 1 5 23 12 19 17 11 14  ::: 0.0
7 12 21 6 8 15 20 1 17 9 22 10 2 18 0 4 14 23 11 3 16 13 19 5  ::: 1.0
10 17 14 8 21 12 20 2 5 13 11 9 3 18 0 23 16 7 1 22 19 15 6 4  ::: 1.0
9 12 16 3 10 21 19 1 11 8 6 18 20 2 5 13 4 7 22 14 17 23 0 15  ::: 1.0
9 19 16 22 12 8 7 0 15 21 4 6 3 18 10 13 5 2 17 23 20 1 14 11  ::: 1.0
23 4 0 11 18 14 3 17 9 21 6 2 16 8 19 5 15 10 20 7 1 13 22 12  ::: 1.0
4 19 22 14 15 10 1 16 0 7 20 2 6 18 13 21 12 17 8 3 5 23 11 9  ::: 2.0
18 10 12 3 20 7 11 1 15 23 9 4 13 21 2 6 19 14 22 0 16 8 17 5  ::: 1.0
15 5 3 16 21 17 11 9 1 20 8 2 19 7 10 12 22 4 18 14 23 13 6 0  ::: 0.0
8 21 11 17 0 6 13 20 2 9 5 1 19 4 12 14 18 22 3 16 23 7 10 15  ::: 1.0
8 13 20 1 17 14 3 18 7 4 16 12 0 5 2 19 23 6 11 21 10 15 22 9  ::: 2.0
3 10 15 2 0 20 22 17 12 9 5 16 14 1 8 23 7 4 19 11 13 18 21 6  ::: 1.0
3 22 12 21 13 11 6 0 7 16 1 23 8 15 18 4 2 5 19 17 10 14 9 20  ::: 1.0

     FWA---FWA20[100000]
-----------------------------------
1 7 10 22 18 5 3 6 15 12 14 20 17 23 19 4 11 0 2 21 8 13 16 9  ::: 1.0
23 11 22 15 4 12 5 3 18 10 21 9 16 0 2 6 13 19 20 8 14 1 17 7  ::: 2.0
20 1 6 14 21 23 13 15 7 4 19 16 18 10 0 3 5 9 11 17 22 12 2 8  ::: 1.0
5 14 12 17 22 1 23 6 16 0 13 11 21 3 20 4 9 18 10 2 7 15 19 8  ::: 0.0
16 9 19 10 7 18 2 13 23 21 5 1 14 4 8 3 20 15 11 0 17 6 22 12  ::: 0.0
21 17 9 1 19 8 3 20 16 13 12 22 2 4 23 10 0 18 14 11 6 15 7 5  ::: 1.0
8 20 12 6 17 5 18 21 4 13 7 2 19 3 16 0 11 15 23 1 9 22 14 10  ::: 1.0
18 10 23 20 8 1 9 7 19 17 3 13 22 4 15 21 6 14 12 2 0 16 11 5  ::: 0.0
5 19 22 20 6 21 9 1 4 10 8 18 2 17 13 23 16 0 3 12 15 7 11 14  ::: 0.0
19 1 9 23 21 17 14 5 10 13 0 16 4 8 15 2 22 11 6 12 3 20 18 7  ::: 1.0
16 13 2 5 15 6 1 11 23 12 3 19 17 22 8 21 7 0 14 9 4 18 20 10  ::: 0.0
3 14 23 7 19 4 2 13 17 10 21 11 20 5 16 9 1 22 15 8 6 0 12 18  ::: 1.0
16 20 22 15 2 9 21 8 5 17 0 14 7 4 19 3 18 13 11 1 12 10 6 23  ::: 1.0
7 22 0 14 9 23 16 2 17 15 4 10 8 3 1 18 21 19 11 20 6 13 5 12  ::: 1.0
16 7 19 15 9 4 8 21 18 2 13 6 3 22 10 23 17 14 12 0 20 1 5 11  ::: 0.0
14 11 15 4 23 8 17 2 7 9 0 13 16 20 5 21 10 22 3 6 18 1 19 12  ::: 0.0
9 19 22 13 3 16 2 11 14 21 0 4 7 18 15 23 1 20 5 8 6 12 10 17  ::: 0.0
9 18 14 5 2 8 20 0 23 15 11 1 6 12 22 19 7 13 10 3 17 21 16 4  ::: 1.0
23 7 4 18 1 17 14 12 22 2 21 6 13 16 0 3 8 11 9 15 19 5 20 10  ::: 0.0
13 17 12 1 22 2 6 15 3 18 11 23 5 16 19 4 20 8 14 21 10 7 9 0  ::: 0.0
16 4 11 7 21 3 20 12 10 15 22 6 23 2 14 5 17 13 9 18 1 8 19 0  ::: 0.0
4 11 0 21 6 16 1 22 8 18 15 19 5 13 17 7 3 23 2 9 14 12 10 20  ::: 1.0
8 12 17 2 20 11 23 16 13 21 7 0 3 15 4 19 9 5 14 1 18 6 22 10  ::: 0.0
15 13 1 4 2 12 10 20 17 19 21 8 6 0 16 18 7 23 3 5 9 14 22 11  ::: 0.0
12 19 13 10 6 4 11 1 14 2 18 20 22 16 5 8 0 15 7 23 21 9 17 3  ::: 1.0
null
Algorithms : 2 --- Instances : 2
-----------------------------------

Ranks Matrix   
-----------------------------------
