
:: Instance :: 24
:: N. Experiment.:: 4
-----------------------------------
      GA---GA20o[100000]      1.0      4.0      1.0      0.0
     FWA---FWA20[100000]      0.0      4.0      0.0      0.0
-----------------------------------

      GA---GA20o[100000]
-----------------------------------
19 8 5 14 12 15 23 7 3 1 22 2 16 9 13 21 18 4 0 11 6 10 20 17  ::: 1.0
5 16 12 4 7 22 18 13 17 1 20 8 14 21 2 6 23 11 0 3 9 19 15 10  ::: 1.0
7 21 19 5 1 6 17 10 8 15 2 20 14 12 4 13 3 22 9 23 0 16 18 11  ::: 1.0
13 16 7 2 18 5 9 1 6 10 20 17 19 21 11 3 8 22 14 23 0 12 15 4  ::: 1.0

     FWA---FWA20[100000]
-----------------------------------
13 0 5 1 21 16 12 7 4 10 22 18 14 17 23 20 11 3 6 9 2 15 19 8  ::: 0.0
7 13 1 9 20 0 17 22 18 12 6 8 3 14 4 15 21 19 2 23 5 10 16 11  ::: 0.0
11 20 7 21 8 3 23 13 10 6 22 19 2 0 17 4 12 18 9 14 5 15 1 16  ::: 0.0
2 18 20 14 11 3 15 6 1 9 13 23 4 19 22 16 21 8 12 5 0 17 7 10  ::: 0.0
