
:: Instance :: 24
:: N. Experiment.:: 4
-----------------------------------
      GA---GA20o[100000]      0.0      1.0     0.75     0.43
     FWA---FWA20[100000]      0.0      1.0     0.75     0.43
-----------------------------------

      GA---GA20o[100000]
-----------------------------------
23 15 6 10 17 5 14 2 11 20 8 21 0 18 1 7 12 19 9 13 4 22 3 16  ::: 1.0
13 19 10 0 20 16 4 7 3 23 17 15 18 9 2 14 5 11 21 6 22 12 1 8  ::: 1.0
7 20 3 16 4 8 17 13 1 23 15 19 6 9 2 0 11 14 10 21 18 5 12 22  ::: 0.0
6 14 7 13 21 9 18 5 0 4 11 8 15 20 22 3 12 17 2 10 19 23 16 1  ::: 1.0

     FWA---FWA20[100000]
-----------------------------------
8 12 17 13 23 21 1 2 15 3 11 0 10 4 18 14 19 7 20 6 16 9 22 5  ::: 1.0
18 9 12 17 0 20 5 8 1 13 16 23 7 3 2 22 14 19 21 10 4 6 11 15  ::: 1.0
7 10 19 11 9 20 4 21 0 8 16 13 3 6 2 12 17 1 5 23 14 15 22 18  ::: 1.0
4 12 10 2 11 14 0 22 3 23 13 16 9 15 20 5 1 8 19 17 6 21 18 7  ::: 0.0
