
:: Instance :: 24
:: N. Experiment.:: 4
-----------------------------------
      GA---GA20o[100000]      0.0      4.0      0.0      0.0
     FWA---FWA20[100000]      0.0      4.0      0.0      0.0
-----------------------------------

      GA---GA20o[100000]
-----------------------------------
19 15 12 2 22 8 18 14 9 3 23 17 5 20 16 13 10 6 0 21 11 7 4 1  ::: 0.0
3 15 22 14 12 5 1 11 8 18 7 23 4 21 19 16 9 2 0 20 17 13 10 6  ::: 0.0
20 18 13 22 11 17 4 16 10 6 19 12 8 1 23 14 5 2 21 15 9 7 3 0  ::: 0.0
2 15 7 18 10 16 23 9 5 17 14 4 21 12 3 0 19 13 8 1 22 20 11 6  ::: 0.0

     FWA---FWA20[100000]
-----------------------------------
4 17 3 7 5 11 21 8 2 14 10 23 20 18 12 0 19 16 9 1 22 15 13 6  ::: 0.0
0 7 18 10 6 13 23 8 22 20 1 16 3 17 14 11 4 2 21 19 15 12 9 5  ::: 0.0
23 14 4 22 12 3 21 8 18 15 6 1 16 13 10 2 20 0 19 17 11 9 7 5  ::: 0.0
11 16 21 14 10 8 1 18 3 15 12 7 23 5 22 20 17 0 19 13 9 6 4 2  ::: 0.0
