
:: Instance :: had12.dat
:: N. Experiment.:: 32
-----------------------------------
      GA---GA20o[100000]   1652.0      5.0   1661.0     6.61
     ILS---ILSFa[100000]   1652.0     32.0   1652.0      0.0
        SA---SAG[100000]   1716.0      1.0  1795.75    39.42
-----------------------------------

      GA---GA20o[100000]
-----------------------------------
8 3 0 6 5 10 4 1 7 11 9 2  ::: 1660.0
7 9 4 10 11 1 5 0 2 6 3 8  ::: 1662.0
8 3 0 5 6 10 4 1 7 11 9 2  ::: 1660.0
8 3 6 0 5 10 4 1 7 11 9 2  ::: 1660.0
7 9 1 10 11 4 6 5 2 0 3 8  ::: 1654.0
8 3 0 5 6 10 4 1 7 11 9 2  ::: 1660.0
7 2 4 9 11 10 1 6 0 5 3 8  ::: 1676.0
8 3 0 5 6 10 4 1 7 11 9 2  ::: 1660.0
2 9 4 1 11 10 6 0 7 5 3 8  ::: 1656.0
7 9 2 10 11 4 6 5 1 0 3 8  ::: 1678.0
7 9 11 10 4 1 5 0 2 6 3 8  ::: 1672.0
2 9 10 1 11 4 5 6 7 0 3 8  ::: 1652.0
8 3 0 6 10 5 11 4 7 1 9 2  ::: 1664.0
8 3 6 0 5 10 4 1 7 11 9 2  ::: 1660.0
2 9 10 1 11 4 5 6 7 0 3 8  ::: 1652.0
8 3 0 6 5 10 4 1 7 11 9 2  ::: 1660.0
8 3 6 0 5 10 4 1 7 11 9 2  ::: 1660.0
8 3 0 6 5 10 4 1 7 11 9 2  ::: 1660.0
8 3 0 5 6 10 11 1 7 4 9 2  ::: 1666.0
2 9 5 1 10 4 11 6 7 0 3 8  ::: 1676.0
2 9 10 1 11 4 6 5 7 0 3 8  ::: 1652.0
2 9 10 1 11 4 6 5 7 0 3 8  ::: 1652.0
8 3 6 0 5 10 4 1 7 11 9 2  ::: 1660.0
7 9 4 10 11 1 5 0 2 6 3 8  ::: 1662.0
8 3 0 5 6 10 4 1 7 11 9 2  ::: 1660.0
2 9 10 1 11 4 6 5 7 0 3 8  ::: 1652.0
8 3 6 0 10 5 11 4 7 1 9 2  ::: 1664.0
8 3 6 0 5 10 4 1 7 11 9 2  ::: 1660.0
8 3 0 6 5 10 4 1 7 11 9 2  ::: 1660.0
7 9 4 10 11 1 6 0 2 5 3 8  ::: 1662.0
8 3 0 6 5 10 4 1 7 11 9 2  ::: 1660.0
8 3 0 5 6 10 4 1 7 11 9 2  ::: 1660.0

     ILS---ILSFa[100000]
-----------------------------------
2 9 10 1 11 4 6 5 7 0 3 8  ::: 1652.0
2 9 10 1 11 4 5 6 7 0 3 8  ::: 1652.0
2 9 10 1 11 4 6 5 7 0 3 8  ::: 1652.0
2 9 10 1 11 4 5 6 7 0 3 8  ::: 1652.0
2 9 10 1 11 4 5 6 7 0 3 8  ::: 1652.0
2 9 10 1 11 4 6 5 7 0 3 8  ::: 1652.0
2 9 10 1 11 4 5 6 7 0 3 8  ::: 1652.0
2 9 10 1 11 4 5 6 7 0 3 8  ::: 1652.0
2 9 10 1 11 4 5 6 7 0 3 8  ::: 1652.0
2 9 10 1 11 4 6 5 7 0 3 8  ::: 1652.0
2 9 10 1 11 4 6 5 7 0 3 8  ::: 1652.0
2 9 10 1 11 4 5 6 7 0 3 8  ::: 1652.0
2 9 10 1 11 4 6 5 7 0 3 8  ::: 1652.0
2 9 10 1 11 4 5 6 7 0 3 8  ::: 1652.0
2 9 10 1 11 4 5 6 7 0 3 8  ::: 1652.0
2 9 10 1 11 4 5 6 7 0 3 8  ::: 1652.0
2 9 10 1 11 4 5 6 7 0 3 8  ::: 1652.0
2 9 10 1 11 4 6 5 7 0 3 8  ::: 1652.0
2 9 10 1 11 4 5 6 7 0 3 8  ::: 1652.0
2 9 10 1 11 4 5 6 7 0 3 8  ::: 1652.0
2 9 10 1 11 4 5 6 7 0 3 8  ::: 1652.0
2 9 10 1 11 4 6 5 7 0 3 8  ::: 1652.0
2 9 10 1 11 4 5 6 7 0 3 8  ::: 1652.0
2 9 10 1 11 4 6 5 7 0 3 8  ::: 1652.0
2 9 10 1 11 4 6 5 7 0 3 8  ::: 1652.0
2 9 10 1 11 4 5 6 7 0 3 8  ::: 1652.0
2 9 10 1 11 4 5 6 7 0 3 8  ::: 1652.0
2 9 10 1 11 4 5 6 7 0 3 8  ::: 1652.0
2 9 10 1 11 4 6 5 7 0 3 8  ::: 1652.0
2 9 10 1 11 4 6 5 7 0 3 8  ::: 1652.0
2 9 10 1 11 4 5 6 7 0 3 8  ::: 1652.0
2 9 10 1 11 4 6 5 7 0 3 8  ::: 1652.0

        SA---SAG[100000]
-----------------------------------
5 1 6 4 11 10 0 2 8 9 3 7  ::: 1788.0
0 8 10 6 5 4 1 2 3 11 9 7  ::: 1734.0
8 7 0 6 4 10 5 1 3 11 2 9  ::: 1716.0
7 5 8 1 0 4 6 10 3 11 2 9  ::: 1776.0
8 9 4 10 11 3 1 0 2 5 6 7  ::: 1750.0
0 8 3 4 6 1 10 2 11 5 9 7  ::: 1760.0
11 9 10 6 4 1 5 8 2 0 7 3  ::: 1790.0
2 4 9 1 5 10 11 7 3 8 6 0  ::: 1786.0
10 11 3 7 9 5 1 0 2 6 4 8  ::: 1846.0
7 9 11 2 10 5 4 3 6 1 0 8  ::: 1764.0
11 2 1 6 10 7 4 0 9 5 3 8  ::: 1762.0
7 6 4 9 0 1 10 3 8 5 11 2  ::: 1824.0
2 1 3 0 6 4 11 5 8 9 7 10  ::: 1798.0
3 1 5 11 9 8 6 0 10 7 4 2  ::: 1832.0
3 0 1 5 6 8 10 11 4 9 7 2  ::: 1790.0
4 3 5 11 6 1 7 0 8 9 10 2  ::: 1834.0
9 7 2 1 11 10 4 3 5 6 0 8  ::: 1760.0
3 8 0 11 5 9 10 6 4 2 7 1  ::: 1780.0
9 11 2 6 7 10 4 0 1 8 5 3  ::: 1818.0
0 7 6 11 3 10 4 2 8 1 9 5  ::: 1806.0
2 9 4 1 5 8 6 0 3 11 10 7  ::: 1766.0
2 1 4 3 0 11 5 8 7 9 6 10  ::: 1814.0
5 4 10 3 11 6 9 8 7 2 0 1  ::: 1922.0
10 7 6 5 2 9 11 3 1 4 0 8  ::: 1782.0
7 6 0 11 8 10 5 9 3 1 2 4  ::: 1806.0
10 11 9 3 4 8 2 5 0 6 7 1  ::: 1860.0
5 2 1 7 10 4 8 11 6 9 0 3  ::: 1838.0
4 0 6 1 5 10 8 9 7 11 3 2  ::: 1822.0
9 11 4 10 8 6 5 2 1 0 7 3  ::: 1800.0
2 1 7 5 6 10 9 4 11 3 0 8  ::: 1770.0
2 4 11 0 10 1 3 9 7 6 8 5  ::: 1796.0
7 5 10 1 9 11 0 2 6 3 4 8  ::: 1774.0
