
:: Instance :: had12.dat
:: N. Experiment.:: 32
-----------------------------------
      GA---GA20o[100000]   1652.0      5.0  1660.06     6.52
     ILS---ILSFa[100000]   1652.0     32.0   1652.0      0.0
        SA---SAG[100000]   1732.0      2.0  1808.18    47.45
-----------------------------------

      GA---GA20o[100000]
-----------------------------------
7 9 4 10 11 0 1 6 2 5 8 3  ::: 1672.0
7 9 1 10 11 4 5 6 2 0 3 8  ::: 1654.0
2 9 10 1 11 4 5 6 7 0 3 8  ::: 1652.0
8 3 0 6 5 10 4 1 7 11 9 2  ::: 1660.0
8 3 0 6 5 10 4 1 7 11 9 2  ::: 1660.0
8 3 0 5 6 10 4 1 7 11 9 2  ::: 1660.0
2 9 10 1 11 4 6 5 7 0 3 8  ::: 1652.0
8 3 0 5 6 10 4 1 7 11 9 2  ::: 1660.0
7 9 4 1 11 10 5 0 2 6 3 8  ::: 1674.0
2 9 4 1 11 10 6 0 7 5 3 8  ::: 1656.0
7 9 4 10 11 1 6 0 2 5 3 8  ::: 1662.0
8 3 4 5 6 1 11 10 0 2 9 7  ::: 1678.0
7 0 3 6 5 10 4 1 8 11 9 2  ::: 1670.0
8 3 0 6 5 10 4 1 7 11 9 2  ::: 1660.0
7 9 1 10 11 4 5 6 2 0 3 8  ::: 1654.0
7 9 1 10 11 4 5 6 2 0 3 8  ::: 1654.0
8 3 0 5 6 10 4 1 7 11 9 2  ::: 1660.0
8 3 0 5 6 10 4 1 7 11 9 2  ::: 1660.0
8 3 6 0 5 10 4 1 7 11 9 2  ::: 1660.0
2 9 10 1 11 4 5 6 7 0 3 8  ::: 1652.0
8 3 0 5 6 10 4 1 7 11 9 2  ::: 1660.0
7 9 4 1 11 10 6 0 2 5 3 8  ::: 1670.0
8 3 0 6 10 5 11 4 7 1 9 2  ::: 1664.0
8 3 0 6 5 10 4 1 7 11 9 2  ::: 1660.0
8 3 6 0 5 10 4 1 7 11 9 2  ::: 1660.0
2 9 10 1 11 4 5 6 7 0 3 8  ::: 1652.0
8 3 6 0 5 10 4 1 7 11 9 2  ::: 1660.0
8 3 0 6 5 10 4 1 7 11 9 2  ::: 1660.0
2 9 10 1 11 4 6 5 7 0 3 8  ::: 1652.0
2 9 4 1 11 10 5 0 7 6 3 8  ::: 1660.0
8 3 0 6 5 10 4 1 7 11 9 2  ::: 1660.0
7 9 1 10 11 4 5 6 2 0 3 8  ::: 1654.0

     ILS---ILSFa[100000]
-----------------------------------
2 9 10 1 11 4 6 5 7 0 3 8  ::: 1652.0
2 9 10 1 11 4 6 5 7 0 3 8  ::: 1652.0
2 9 10 1 11 4 5 6 7 0 3 8  ::: 1652.0
2 9 10 1 11 4 6 5 7 0 3 8  ::: 1652.0
2 9 10 1 11 4 6 5 7 0 3 8  ::: 1652.0
2 9 10 1 11 4 6 5 7 0 3 8  ::: 1652.0
2 9 10 1 11 4 5 6 7 0 3 8  ::: 1652.0
2 9 10 1 11 4 5 6 7 0 3 8  ::: 1652.0
2 9 10 1 11 4 5 6 7 0 3 8  ::: 1652.0
2 9 10 1 11 4 6 5 7 0 3 8  ::: 1652.0
2 9 10 1 11 4 6 5 7 0 3 8  ::: 1652.0
2 9 10 1 11 4 6 5 7 0 3 8  ::: 1652.0
2 9 10 1 11 4 5 6 7 0 3 8  ::: 1652.0
2 9 10 1 11 4 6 5 7 0 3 8  ::: 1652.0
2 9 10 1 11 4 6 5 7 0 3 8  ::: 1652.0
2 9 10 1 11 4 6 5 7 0 3 8  ::: 1652.0
2 9 10 1 11 4 5 6 7 0 3 8  ::: 1652.0
2 9 10 1 11 4 5 6 7 0 3 8  ::: 1652.0
2 9 10 1 11 4 6 5 7 0 3 8  ::: 1652.0
2 9 10 1 11 4 6 5 7 0 3 8  ::: 1652.0
2 9 10 1 11 4 6 5 7 0 3 8  ::: 1652.0
2 9 10 1 11 4 5 6 7 0 3 8  ::: 1652.0
2 9 10 1 11 4 6 5 7 0 3 8  ::: 1652.0
2 9 10 1 11 4 5 6 7 0 3 8  ::: 1652.0
2 9 10 1 11 4 6 5 7 0 3 8  ::: 1652.0
2 9 10 1 11 4 5 6 7 0 3 8  ::: 1652.0
2 9 10 1 11 4 6 5 7 0 3 8  ::: 1652.0
2 9 10 1 11 4 5 6 7 0 3 8  ::: 1652.0
2 9 10 1 11 4 6 5 7 0 3 8  ::: 1652.0
2 9 10 1 11 4 5 6 7 0 3 8  ::: 1652.0
2 9 10 1 11 4 5 6 7 0 3 8  ::: 1652.0
2 9 10 1 11 4 6 5 7 0 3 8  ::: 1652.0

        SA---SAG[100000]
-----------------------------------
10 5 8 6 2 7 1 0 9 11 3 4  ::: 1890.0
0 6 9 3 4 11 5 10 7 2 1 8  ::: 1880.0
8 3 6 2 1 0 11 10 4 5 9 7  ::: 1778.0
2 1 0 5 11 7 9 10 6 8 4 3  ::: 1812.0
11 4 5 9 0 3 2 1 10 6 7 8  ::: 1892.0
9 5 1 2 11 10 7 3 6 4 8 0  ::: 1780.0
8 4 9 3 10 1 11 2 5 6 0 7  ::: 1776.0
9 1 3 6 10 8 4 5 2 11 7 0  ::: 1856.0
8 5 10 6 7 0 3 4 1 9 11 2  ::: 1834.0
6 1 5 10 0 11 4 7 8 9 3 2  ::: 1798.0
7 3 8 0 4 5 6 1 2 9 11 10  ::: 1778.0
7 9 6 1 10 5 8 3 11 4 0 2  ::: 1798.0
7 8 10 6 9 3 2 1 11 0 5 4  ::: 1878.0
0 8 11 10 3 6 4 9 5 1 2 7  ::: 1794.0
8 6 0 5 10 9 11 4 3 2 7 1  ::: 1776.0
1 4 0 11 6 8 9 5 10 2 3 7  ::: 1848.0
0 6 10 5 9 1 11 3 8 4 2 7  ::: 1792.0
8 2 9 7 0 6 3 4 5 11 1 10  ::: 1890.0
9 4 10 8 11 0 1 6 2 3 7 5  ::: 1818.0
8 0 4 7 1 5 6 2 3 10 9 11  ::: 1778.0
4 7 10 5 11 1 8 3 0 6 9 2  ::: 1830.0
2 4 11 1 10 6 3 0 9 5 7 8  ::: 1732.0
8 3 5 0 10 11 4 7 6 9 2 1  ::: 1732.0
7 6 2 5 9 1 10 4 0 11 3 8  ::: 1760.0
3 11 2 1 5 10 0 4 9 7 6 8  ::: 1828.0
3 8 10 9 1 5 6 4 2 11 7 0  ::: 1782.0
4 2 7 9 6 1 8 11 10 3 5 0  ::: 1880.0
8 6 0 1 4 10 5 11 7 3 9 2  ::: 1782.0
2 4 9 0 1 10 6 3 11 5 8 7  ::: 1738.0
2 4 3 9 5 7 10 11 8 0 1 6  ::: 1826.0
1 9 5 2 6 3 11 4 10 8 0 7  ::: 1768.0
1 10 2 5 6 11 7 8 9 4 0 3  ::: 1758.0
