
:: Instance :: 25
:: N. Experiment.:: 5
-----------------------------------
        ICA---ICAc[6500]      0.0      4.0      0.2      0.4
        ICA---ICAd[6500]      0.0      4.0      0.2      0.4
-----------------------------------

        ICA---ICAc[6500]
-----------------------------------
15 20 9 13 10 5 21 12 0 18 4 19 17 8 3 23 7 1 22 14 2 24 16 11 6  ::: 0.0
9 13 8 17 12 1 15 7 19 6 18 10 5 2 23 20 16 3 22 0 24 21 14 11 4  ::: 0.0
2 12 6 10 17 13 8 21 16 14 7 3 23 18 15 9 0 19 4 24 22 20 11 5 1  ::: 0.0
20 4 15 13 7 2 0 8 21 19 17 10 6 22 12 5 23 18 14 9 3 1 24 16 11  ::: 0.0
15 4 19 12 20 6 17 14 2 21 13 10 0 16 7 3 22 23 18 11 9 1 24 8 5  ::: 1.0

        ICA---ICAd[6500]
-----------------------------------
6 17 13 10 5 3 11 7 4 21 9 23 16 12 1 22 19 14 8 0 24 20 18 15 2  ::: 0.0
1 19 3 13 11 6 17 15 9 2 20 18 10 8 24 12 4 22 14 7 5 0 23 21 16  ::: 0.0
14 2 5 10 17 8 23 13 7 4 20 6 24 1 16 3 0 22 19 12 9 21 18 15 11  ::: 1.0
20 7 12 23 5 22 8 17 3 15 13 9 1 18 14 10 6 2 21 19 11 0 24 16 4  ::: 0.0
19 8 11 16 4 0 21 7 23 20 1 18 15 12 10 6 3 22 13 9 2 24 17 14 5  ::: 0.0

:: Instance :: 20
:: N. Experiment.:: 5
-----------------------------------
        ICA---ICAc[4000]      0.0      5.0      0.0      0.0
        ICA---ICAd[4000]      0.0      4.0      0.2      0.4
-----------------------------------

        ICA---ICAc[4000]
-----------------------------------
18 7 10 8 3 14 12 5 15 13 0 16 9 6 1 19 17 11 4 2  ::: 0.0
9 17 8 5 13 6 3 18 15 10 1 16 14 12 7 4 2 0 19 11  ::: 0.0
11 15 3 13 7 1 8 17 2 16 12 9 5 19 10 4 0 18 14 6  ::: 0.0
19 11 9 14 2 16 13 4 15 6 17 10 8 5 1 18 12 7 3 0  ::: 0.0
17 9 3 13 11 7 19 8 6 16 10 1 15 4 2 0 18 14 12 5  ::: 0.0

        ICA---ICAd[4000]
-----------------------------------
12 14 1 18 10 17 5 16 13 0 15 11 9 7 3 19 8 6 4 2  ::: 0.0
0 18 4 10 8 14 9 3 12 6 17 13 1 16 2 19 15 11 7 5  ::: 0.0
13 11 6 3 9 4 2 16 14 12 7 5 19 1 17 10 0 18 15 8  ::: 0.0
6 9 18 4 0 16 8 3 17 5 1 14 12 10 2 19 15 13 11 7  ::: 0.0
6 14 8 3 15 11 9 0 19 12 7 5 18 1 16 10 2 17 13 4  ::: 1.0
