
:: Instance :: had12.dat
:: N. Experiment.:: 32
-----------------------------------
      GA---GA20o[100000]   1652.0      4.0  1662.06      7.8
     ILS---ILSFa[100000]   1652.0     32.0   1652.0      0.0
-----------------------------------

      GA---GA20o[100000]
-----------------------------------
8 3 6 0 5 10 4 1 7 11 9 2  ::: 1660.0
8 3 6 0 5 10 4 1 7 11 9 2  ::: 1660.0
8 3 0 5 6 10 4 1 7 11 9 2  ::: 1660.0
8 3 0 5 6 10 4 1 7 11 9 2  ::: 1660.0
7 9 1 10 11 4 5 6 2 0 3 8  ::: 1654.0
8 3 6 5 11 10 1 4 0 9 2 7  ::: 1682.0
2 9 10 1 11 4 5 6 7 0 3 8  ::: 1652.0
7 9 1 10 11 4 6 5 2 0 3 8  ::: 1654.0
7 9 11 10 1 4 6 5 2 0 8 3  ::: 1664.0
8 3 0 6 10 5 11 4 7 1 9 2  ::: 1664.0
7 2 10 1 11 4 5 6 9 0 3 8  ::: 1674.0
7 2 4 9 11 10 1 6 0 5 3 8  ::: 1676.0
8 3 0 5 6 10 4 1 7 11 9 2  ::: 1660.0
8 3 0 5 6 10 4 1 7 11 9 2  ::: 1660.0
7 9 10 4 11 1 5 0 2 6 3 8  ::: 1674.0
7 9 1 10 11 4 5 6 2 0 3 8  ::: 1654.0
8 3 0 5 6 10 4 1 7 11 9 2  ::: 1660.0
8 3 4 10 11 6 5 9 0 1 2 7  ::: 1676.0
7 9 4 10 11 1 5 0 2 6 3 8  ::: 1662.0
8 3 0 6 5 10 4 1 7 11 9 2  ::: 1660.0
2 9 10 1 11 4 5 6 7 0 3 8  ::: 1652.0
2 9 4 1 11 10 6 0 7 5 3 8  ::: 1656.0
7 9 4 10 11 1 5 0 2 6 3 8  ::: 1662.0
8 3 0 6 5 10 4 1 7 11 9 2  ::: 1660.0
8 3 4 5 6 1 10 7 0 11 9 2  ::: 1674.0
8 3 6 0 10 5 11 4 7 1 9 2  ::: 1664.0
8 3 0 6 10 5 11 4 7 1 9 2  ::: 1664.0
2 9 10 1 11 4 5 6 7 0 3 8  ::: 1652.0
8 3 0 6 10 5 11 4 7 1 9 2  ::: 1664.0
2 9 10 1 11 4 5 6 7 0 3 8  ::: 1652.0
2 9 4 1 11 10 6 0 7 5 3 8  ::: 1656.0
8 3 0 6 10 5 11 4 7 1 9 2  ::: 1664.0

     ILS---ILSFa[100000]
-----------------------------------
2 9 10 1 11 4 6 5 7 0 3 8  ::: 1652.0
2 9 10 1 11 4 5 6 7 0 3 8  ::: 1652.0
2 9 10 1 11 4 5 6 7 0 3 8  ::: 1652.0
2 9 10 1 11 4 6 5 7 0 3 8  ::: 1652.0
2 9 10 1 11 4 5 6 7 0 3 8  ::: 1652.0
2 9 10 1 11 4 6 5 7 0 3 8  ::: 1652.0
2 9 10 1 11 4 6 5 7 0 3 8  ::: 1652.0
2 9 10 1 11 4 6 5 7 0 3 8  ::: 1652.0
2 9 10 1 11 4 6 5 7 0 3 8  ::: 1652.0
2 9 10 1 11 4 6 5 7 0 3 8  ::: 1652.0
2 9 10 1 11 4 5 6 7 0 3 8  ::: 1652.0
2 9 10 1 11 4 5 6 7 0 3 8  ::: 1652.0
2 9 10 1 11 4 6 5 7 0 3 8  ::: 1652.0
2 9 10 1 11 4 5 6 7 0 3 8  ::: 1652.0
2 9 10 1 11 4 6 5 7 0 3 8  ::: 1652.0
2 9 10 1 11 4 6 5 7 0 3 8  ::: 1652.0
2 9 10 1 11 4 6 5 7 0 3 8  ::: 1652.0
2 9 10 1 11 4 5 6 7 0 3 8  ::: 1652.0
2 9 10 1 11 4 6 5 7 0 3 8  ::: 1652.0
2 9 10 1 11 4 6 5 7 0 3 8  ::: 1652.0
2 9 10 1 11 4 6 5 7 0 3 8  ::: 1652.0
2 9 10 1 11 4 6 5 7 0 3 8  ::: 1652.0
2 9 10 1 11 4 5 6 7 0 3 8  ::: 1652.0
2 9 10 1 11 4 5 6 7 0 3 8  ::: 1652.0
2 9 10 1 11 4 6 5 7 0 3 8  ::: 1652.0
2 9 10 1 11 4 6 5 7 0 3 8  ::: 1652.0
2 9 10 1 11 4 5 6 7 0 3 8  ::: 1652.0
2 9 10 1 11 4 5 6 7 0 3 8  ::: 1652.0
2 9 10 1 11 4 6 5 7 0 3 8  ::: 1652.0
2 9 10 1 11 4 6 5 7 0 3 8  ::: 1652.0
2 9 10 1 11 4 6 5 7 0 3 8  ::: 1652.0
2 9 10 1 11 4 6 5 7 0 3 8  ::: 1652.0
