
:: Instance :: had12.dat
:: N. Experiment.:: 32
-----------------------------------
      GA---GA20o[100000]   1652.0      6.0  1661.06     7.96
     ILS---ILSFa[100000]   1652.0     31.0  1652.06     0.34
        SA---SAG[100000]   1718.0      1.0  1794.68    46.94
-----------------------------------

      GA---GA20o[100000]
-----------------------------------
2 9 10 1 11 4 5 6 7 0 3 8  ::: 1652.0
8 3 6 0 5 10 4 1 7 11 9 2  ::: 1660.0
7 9 1 10 11 4 5 6 2 0 3 8  ::: 1654.0
2 9 10 1 11 4 6 5 7 0 3 8  ::: 1652.0
8 3 4 6 10 11 5 7 0 1 9 2  ::: 1676.0
8 3 0 5 6 10 4 1 7 11 9 2  ::: 1660.0
8 3 0 6 10 5 11 4 7 1 9 2  ::: 1664.0
8 3 0 5 6 10 4 1 7 11 9 2  ::: 1660.0
7 2 4 9 11 10 1 6 0 5 3 8  ::: 1676.0
7 9 1 10 11 4 6 5 2 0 3 8  ::: 1654.0
8 3 4 10 11 6 5 9 0 1 2 7  ::: 1676.0
2 9 10 1 11 4 5 6 7 0 3 8  ::: 1652.0
8 3 0 5 6 10 4 1 7 11 9 2  ::: 1660.0
8 3 4 6 11 10 1 2 0 5 9 7  ::: 1678.0
2 9 10 1 11 4 6 5 7 0 3 8  ::: 1652.0
8 3 0 5 6 10 4 1 7 11 9 2  ::: 1660.0
8 3 6 0 5 10 4 1 7 11 9 2  ::: 1660.0
7 8 0 6 5 10 4 1 3 11 9 2  ::: 1672.0
8 3 0 5 6 10 4 1 7 11 9 2  ::: 1660.0
2 9 10 1 11 4 5 6 7 0 3 8  ::: 1652.0
7 9 4 10 11 1 5 0 2 6 3 8  ::: 1662.0
7 9 2 10 11 4 5 6 1 0 3 8  ::: 1678.0
8 3 0 6 5 10 4 1 7 11 9 2  ::: 1660.0
8 3 0 5 6 10 4 1 7 11 9 2  ::: 1660.0
2 9 4 1 11 10 6 0 7 5 3 8  ::: 1656.0
8 3 6 0 5 10 4 1 7 11 9 2  ::: 1660.0
8 3 0 6 5 10 4 1 7 11 9 2  ::: 1660.0
8 3 0 6 5 10 4 1 7 11 9 2  ::: 1660.0
2 9 10 1 11 4 5 6 7 0 3 8  ::: 1652.0
2 9 4 1 11 10 6 0 7 5 3 8  ::: 1656.0
8 3 0 6 5 10 4 1 7 11 9 2  ::: 1660.0
8 3 0 6 5 10 4 1 7 11 9 2  ::: 1660.0

     ILS---ILSFa[100000]
-----------------------------------
2 9 10 1 11 4 6 5 7 0 3 8  ::: 1652.0
2 9 10 1 11 4 5 6 7 0 3 8  ::: 1652.0
2 9 10 1 11 4 6 5 7 0 3 8  ::: 1652.0
2 9 10 1 11 4 5 6 7 0 3 8  ::: 1652.0
2 9 10 1 11 4 6 5 7 0 3 8  ::: 1652.0
2 9 10 1 11 4 6 5 7 0 3 8  ::: 1652.0
2 9 10 1 11 4 6 5 7 0 3 8  ::: 1652.0
2 9 10 1 11 4 6 5 7 0 3 8  ::: 1652.0
2 9 10 1 11 4 5 6 7 0 3 8  ::: 1652.0
7 9 1 10 11 4 6 5 2 0 3 8  ::: 1654.0
2 9 10 1 11 4 6 5 7 0 3 8  ::: 1652.0
2 9 10 1 11 4 6 5 7 0 3 8  ::: 1652.0
2 9 10 1 11 4 6 5 7 0 3 8  ::: 1652.0
2 9 10 1 11 4 6 5 7 0 3 8  ::: 1652.0
2 9 10 1 11 4 6 5 7 0 3 8  ::: 1652.0
2 9 10 1 11 4 5 6 7 0 3 8  ::: 1652.0
2 9 10 1 11 4 5 6 7 0 3 8  ::: 1652.0
2 9 10 1 11 4 6 5 7 0 3 8  ::: 1652.0
2 9 10 1 11 4 5 6 7 0 3 8  ::: 1652.0
2 9 10 1 11 4 6 5 7 0 3 8  ::: 1652.0
2 9 10 1 11 4 5 6 7 0 3 8  ::: 1652.0
2 9 10 1 11 4 5 6 7 0 3 8  ::: 1652.0
2 9 10 1 11 4 5 6 7 0 3 8  ::: 1652.0
2 9 10 1 11 4 5 6 7 0 3 8  ::: 1652.0
2 9 10 1 11 4 6 5 7 0 3 8  ::: 1652.0
2 9 10 1 11 4 5 6 7 0 3 8  ::: 1652.0
2 9 10 1 11 4 6 5 7 0 3 8  ::: 1652.0
2 9 10 1 11 4 6 5 7 0 3 8  ::: 1652.0
2 9 10 1 11 4 6 5 7 0 3 8  ::: 1652.0
2 9 10 1 11 4 6 5 7 0 3 8  ::: 1652.0
2 9 10 1 11 4 5 6 7 0 3 8  ::: 1652.0
2 9 10 1 11 4 6 5 7 0 3 8  ::: 1652.0

        SA---SAG[100000]
-----------------------------------
7 1 5 6 9 8 4 3 10 11 0 2  ::: 1796.0
9 10 4 1 2 11 6 8 7 5 0 3  ::: 1750.0
0 5 8 2 9 6 4 10 7 1 3 11  ::: 1876.0
2 4 8 0 3 11 10 6 9 1 5 7  ::: 1790.0
4 9 5 8 6 10 7 0 1 2 11 3  ::: 1856.0
2 1 4 5 10 0 11 6 9 7 8 3  ::: 1720.0
9 1 11 4 10 7 3 5 2 6 8 0  ::: 1762.0
0 3 4 5 1 11 6 7 10 9 8 2  ::: 1826.0
3 9 11 4 0 1 6 10 8 5 7 2  ::: 1770.0
4 10 11 8 6 9 5 1 3 0 2 7  ::: 1802.0
5 3 8 0 10 4 6 9 1 11 7 2  ::: 1804.0
7 8 6 2 0 1 5 11 3 10 4 9  ::: 1800.0
7 5 0 3 11 6 10 9 8 4 1 2  ::: 1750.0
0 11 4 7 6 10 8 9 2 5 3 1  ::: 1840.0
10 1 5 11 6 3 9 4 7 8 0 2  ::: 1788.0
8 3 6 0 4 10 9 5 2 11 1 7  ::: 1758.0
0 4 1 10 9 3 5 2 11 7 8 6  ::: 1866.0
0 1 9 8 4 3 10 2 11 7 6 5  ::: 1934.0
7 11 0 9 1 10 3 2 4 5 6 8  ::: 1806.0
10 2 9 4 1 5 11 8 7 3 0 6  ::: 1814.0
0 7 5 11 1 2 10 8 6 4 9 3  ::: 1784.0
7 1 6 5 9 8 11 2 10 0 4 3  ::: 1762.0
9 4 5 2 6 10 11 7 1 8 0 3  ::: 1768.0
2 9 5 1 7 10 0 11 4 6 8 3  ::: 1782.0
7 10 2 9 0 5 11 1 4 8 6 3  ::: 1798.0
0 5 6 7 3 10 2 4 8 11 9 1  ::: 1790.0
3 6 1 11 5 9 0 8 7 2 4 10  ::: 1856.0
7 10 6 3 5 0 11 9 8 4 1 2  ::: 1718.0
0 1 3 5 6 10 11 4 8 7 9 2  ::: 1768.0
2 7 9 1 11 10 6 5 4 3 0 8  ::: 1732.0
8 6 10 3 5 7 4 11 0 1 2 9  ::: 1746.0
4 0 7 3 11 6 8 9 10 1 5 2  ::: 1818.0
