
:: Instance :: had12.dat
:: N. Experiment.:: 32
-----------------------------------
      GA---GA20o[100000]   1652.0      8.0  1661.62     7.83
     ILS---ILSFa[100000]   1652.0     31.0  1652.25     1.39
        SA---SAG[100000]   1730.0      1.0   1799.5    50.22
-----------------------------------

      GA---GA20o[100000]
-----------------------------------
8 3 0 5 6 10 4 1 7 11 9 2  ::: 1660.0
8 3 6 0 10 5 11 4 7 1 9 2  ::: 1664.0
2 4 9 1 11 10 6 0 7 5 3 8  ::: 1666.0
8 3 0 5 6 10 4 1 7 11 9 2  ::: 1660.0
2 9 10 1 11 4 6 5 7 0 3 8  ::: 1652.0
8 3 0 5 6 10 4 1 7 11 9 2  ::: 1660.0
2 1 6 9 11 5 4 0 7 10 3 8  ::: 1674.0
2 9 10 1 11 4 5 6 7 0 3 8  ::: 1652.0
8 3 4 6 5 1 11 10 0 9 2 7  ::: 1678.0
2 9 10 1 11 4 5 6 7 0 3 8  ::: 1652.0
8 3 0 6 10 5 11 4 7 1 9 2  ::: 1664.0
7 2 1 10 11 4 6 5 9 0 3 8  ::: 1674.0
2 9 10 1 11 4 6 5 7 0 3 8  ::: 1652.0
8 3 6 0 5 10 4 1 7 11 9 2  ::: 1660.0
2 9 4 1 11 10 6 0 7 5 3 8  ::: 1656.0
8 3 0 6 5 10 4 1 7 11 9 2  ::: 1660.0
7 9 4 10 11 1 5 0 2 6 3 8  ::: 1662.0
2 9 10 1 11 4 6 5 7 0 3 8  ::: 1652.0
8 3 6 0 5 10 4 1 7 11 9 2  ::: 1660.0
2 9 10 1 11 4 5 6 7 0 3 8  ::: 1652.0
8 3 0 5 6 10 4 1 7 11 9 2  ::: 1660.0
2 9 11 7 10 4 5 6 1 0 3 8  ::: 1674.0
8 3 6 0 5 10 4 1 7 11 9 2  ::: 1660.0
8 3 0 6 10 5 11 4 7 1 9 2  ::: 1664.0
8 3 4 10 11 6 5 9 0 1 2 7  ::: 1676.0
8 3 6 0 5 10 4 1 7 11 9 2  ::: 1660.0
7 9 11 10 1 4 5 6 2 0 3 8  ::: 1662.0
2 9 10 1 11 4 5 6 7 0 3 8  ::: 1652.0
8 3 4 5 6 1 10 7 0 11 9 2  ::: 1674.0
7 9 1 10 5 4 11 6 2 0 3 8  ::: 1668.0
8 3 0 5 6 10 4 1 7 11 9 2  ::: 1660.0
2 9 10 1 11 4 5 6 7 0 3 8  ::: 1652.0

     ILS---ILSFa[100000]
-----------------------------------
2 9 10 1 11 4 6 5 7 0 3 8  ::: 1652.0
2 9 10 1 11 4 6 5 7 0 3 8  ::: 1652.0
2 9 10 1 11 4 5 6 7 0 3 8  ::: 1652.0
2 9 10 1 11 4 6 5 7 0 3 8  ::: 1652.0
2 9 10 1 11 4 5 6 7 0 3 8  ::: 1652.0
2 9 10 1 11 4 6 5 7 0 3 8  ::: 1652.0
2 9 10 1 11 4 5 6 7 0 3 8  ::: 1652.0
2 9 10 1 11 4 6 5 7 0 3 8  ::: 1652.0
2 9 10 1 11 4 5 6 7 0 3 8  ::: 1652.0
2 9 10 1 11 4 6 5 7 0 3 8  ::: 1652.0
2 9 10 1 11 4 6 5 7 0 3 8  ::: 1652.0
2 9 10 1 11 4 5 6 7 0 3 8  ::: 1652.0
2 9 10 1 11 4 5 6 7 0 3 8  ::: 1652.0
8 3 6 0 5 10 4 1 7 11 9 2  ::: 1660.0
2 9 10 1 11 4 6 5 7 0 3 8  ::: 1652.0
2 9 10 1 11 4 5 6 7 0 3 8  ::: 1652.0
2 9 10 1 11 4 5 6 7 0 3 8  ::: 1652.0
2 9 10 1 11 4 5 6 7 0 3 8  ::: 1652.0
2 9 10 1 11 4 6 5 7 0 3 8  ::: 1652.0
2 9 10 1 11 4 5 6 7 0 3 8  ::: 1652.0
2 9 10 1 11 4 6 5 7 0 3 8  ::: 1652.0
2 9 10 1 11 4 6 5 7 0 3 8  ::: 1652.0
2 9 10 1 11 4 5 6 7 0 3 8  ::: 1652.0
2 9 10 1 11 4 5 6 7 0 3 8  ::: 1652.0
2 9 10 1 11 4 6 5 7 0 3 8  ::: 1652.0
2 9 10 1 11 4 5 6 7 0 3 8  ::: 1652.0
2 9 10 1 11 4 6 5 7 0 3 8  ::: 1652.0
2 9 10 1 11 4 6 5 7 0 3 8  ::: 1652.0
2 9 10 1 11 4 6 5 7 0 3 8  ::: 1652.0
2 9 10 1 11 4 6 5 7 0 3 8  ::: 1652.0
2 9 10 1 11 4 5 6 7 0 3 8  ::: 1652.0
2 9 10 1 11 4 6 5 7 0 3 8  ::: 1652.0

        SA---SAG[100000]
-----------------------------------
3 1 8 9 6 10 11 2 5 7 4 0  ::: 1796.0
3 5 1 10 4 6 0 11 8 2 7 9  ::: 1814.0
10 9 5 2 0 3 6 4 1 11 7 8  ::: 1878.0
7 1 9 6 4 8 11 0 5 10 2 3  ::: 1802.0
2 9 10 11 1 0 6 3 4 5 8 7  ::: 1738.0
3 4 8 0 7 11 10 5 2 9 1 6  ::: 1800.0
3 11 4 7 0 6 10 1 2 8 9 5  ::: 1850.0
8 3 10 5 1 4 6 11 0 9 7 2  ::: 1730.0
7 5 3 0 6 11 8 4 10 1 9 2  ::: 1766.0
2 4 10 8 3 9 0 6 11 7 1 5  ::: 1836.0
7 2 6 1 9 10 11 4 0 5 8 3  ::: 1746.0
4 1 2 10 11 9 5 3 8 7 0 6  ::: 1894.0
9 10 11 2 5 3 6 1 7 0 4 8  ::: 1772.0
9 2 11 1 4 10 6 5 3 8 0 7  ::: 1748.0
5 10 6 9 1 4 0 2 7 11 8 3  ::: 1782.0
2 1 6 5 7 4 8 0 9 11 10 3  ::: 1804.0
6 11 0 1 9 4 5 7 10 2 3 8  ::: 1824.0
2 10 3 0 4 8 11 6 7 5 9 1  ::: 1840.0
2 4 11 0 10 6 9 5 1 7 8 3  ::: 1742.0
3 5 6 8 0 4 11 7 1 9 2 10  ::: 1782.0
4 0 5 3 11 1 10 9 7 8 6 2  ::: 1822.0
2 8 1 9 10 3 6 0 5 4 11 7  ::: 1830.0
10 2 4 0 7 5 8 11 3 1 9 6  ::: 1928.0
4 3 5 9 8 0 10 11 7 2 6 1  ::: 1880.0
8 0 6 11 5 10 9 1 3 7 4 2  ::: 1746.0
11 9 6 4 8 1 10 7 2 5 3 0  ::: 1844.0
9 11 1 4 10 7 6 8 2 5 3 0  ::: 1734.0
0 7 4 5 3 11 9 8 2 10 6 1  ::: 1804.0
7 8 5 9 6 1 0 10 3 4 11 2  ::: 1750.0
7 1 4 5 10 6 11 8 9 2 0 3  ::: 1766.0
8 3 7 9 11 4 10 6 0 1 2 5  ::: 1778.0
2 1 11 0 4 10 7 6 9 3 5 8  ::: 1758.0
